SM:2024-02-16T15:48:59.7301614Z
LM:2024-02-16T15:49:00.1698419Z
CT:image/jpeg
MA:2592000
CL:29139
