SM:2024-03-06T20:59:00.7442848Z
LM:2024-03-07T17:01:15.8473409Z
CT:image/jpeg
MA:2592000
CL:40636
