SM:2024-02-05T22:47:00.7462547Z
LM:2024-02-07T15:39:54.6850704Z
CT:image/jpeg
MA:2592000
CL:40636
