SM:2024-02-16T15:55:04.6691571Z
LM:2024-02-16T15:55:12.8072416Z
CT:image/jpeg
MA:2592000
CL:470647
