SM:2024-02-16T15:48:59.7301614Z
LM:2024-02-16T15:51:14.4802843Z
CT:image/jpeg
MA:2592000
CL:1565152
