SM:2024-02-16T16:06:07.1138863Z
LM:2024-02-16T16:06:07.1673317Z
CT:image/jpeg
MA:2592000
CL:10486
