SM:2024-02-05T22:47:00.7202547Z
LM:2024-02-07T15:39:54.6864257Z
CT:image/jpeg
MA:2592000
CL:56859
