SM:2024-03-06T20:59:00.7291923Z
LM:2024-03-07T17:01:15.9161689Z
CT:image/jpeg
MA:2592000
CL:56859
