SM:2024-02-16T16:05:42.0387602Z
LM:2024-02-16T16:05:42.0775477Z
CT:image/jpeg
MA:2592000
CL:31992
