SM:2024-02-15T19:30:21.8472682Z
LM:2024-02-16T15:54:14.7836984Z
CT:image/jpeg
MA:2592000
CL:248299
