SM:2024-03-06T20:59:00.7178816Z
LM:2024-03-07T17:01:15.7750219Z
CT:image/jpeg
MA:2592000
CL:14459
