SM:2024-02-15T19:30:21.8472682Z
LM:2024-02-15T19:30:22.1011479Z
CT:image/jpeg
MA:2592000
CL:14459
