SM:2024-02-05T22:47:00.7332528Z
LM:2024-02-05T22:47:03.1719817Z
CT:image/jpeg
MA:2592000
CL:412650
