SM:2024-03-06T20:59:00.7361916Z
LM:2024-03-07T17:01:15.8455469Z
CT:image/jpeg
MA:2592000
CL:19609
