SM:2024-02-05T22:47:00.7332528Z
LM:2024-02-07T15:39:54.6847612Z
CT:image/jpeg
MA:2592000
CL:19609
