SM:2024-03-06T20:59:00.7093096Z
LM:2024-03-07T17:01:15.7748095Z
CT:image/jpeg
MA:2592000
CL:23702
