SM:2024-02-16T15:55:04.6691571Z
LM:2024-02-16T15:55:04.7261912Z
CT:image/jpeg
MA:2592000
CL:23702
